0 -199.83937823834196
1 -199.89940828402368
2 -199.80281690140845
3 -199.83333333333334
4 -199.72727272727272
5 -199.6153846153846
6 -199.44285714285715
7 -399.53472222222223
8 -399.5338345864662
9 -399.5045045045045
10 -399.1304347826087
11 -398.70512820512823
12 -398.961038961039
13 -398.6811594202899
14 -398.63157894736844
15 -398.5507246376812
16 -398.22222222222223
17 -398.5192307692308
18 -397.94
19 -398.29787234042556
20 -397.8695652173913
21 -398.3207547169811
22 -397.9
23 -397.4791666666667
24 -397.1363636363636
25 -397.6818181818182
